0 0.35257873324123734 0.5502777986596401 0.013315786186635349 0.04339959942310756
1 0.3411081940822512 0.49646643455035727 0.02790926870455678 0.13954634352278397
1 0.5207741113678356 0.4902643748382337 0.02790926870455678 0.13954634352278397
4 0.7999543795620434 0.38929440389294406 0.21760948905109495 0.46715328467153283
4 0.6822536496350362 0.6897810218978107 0.11359489051094931 0.29927007299270164
4 0.6322992700729927 0.8017031630170317 0.07390510948905081 0.2019464720194649
4 0.20529197080291983 0.8503649635036494 0.0821167883211676 0.16788321167883166
6 0.1677536232149208 0.835258828894407 0.06235566246377979 0.019919873511921024
4 0.09990875912408761 0.7591240875912405 0.12317518248175142 0.2287104622871043
3 0.41599139286055925 0.6807877886088544 0.44078271096663274 0.031206405086229502
3 0.42055643998897907 0.8125108578870492 0.36984890174039764 0.02746072539110822
5 0.4119525547445256 0.11192214111922143 0.2737226277372263 0.019464720194647216
0 0.1276563220161661 0.15828374886139573 0.04876193253779096 0.054268022481082576
0 0.22755881794725027 0.32003064703553186 0.03528302435661257 0.04369632978996287
2 0.25550773049939846 0.14912161519575848 0.03330083197702791 0.0458106683281866
2 0.31001802093798597 0.29324902555136106 0.027354254838272883 0.04369632978996265
