Hyb : ((0.0793365,-0.0235199), (0,0), (0,0.0330569), (0,0), (0,0), (0.0793365,-0.0235199), (0,0), (0,0.0330569), (-4.33681e-19,-0.0330569), (0,0), (-0.0793365,-0.0235199), (0,0), (0,0), (-4.33681e-19,-0.0330569), (0,0), (-0.0793365,-0.0235199))
G_host : ((-0.537774,0.579741), (0.0100059,-0.0281661), (-0.058575,0.233755), (0.00120881,-0.0106865), (0.0100059,-0.0281661), (-0.537774,0.579741), (0.00120881,-0.0106865), (-0.058575,0.233755), (0.058575,-0.233755), (-0.00120881,0.0106865), (0.593024,0.568537), (-0.0190783,-0.0218378), (-0.00120881,0.0106865), (0.058575,-0.233755), (-0.0190783,-0.0218378), (0.593024,0.568537))
diff : 2.46334

Hyb : ((0.0742526,-0.0687704), (0,0), (0,0.0309386), (0,0), (0,0), (0.0742526,-0.0687704), (0,0), (0,0.0309386), (0,-0.0309386), (0,0), (-0.0742526,-0.0687704), (0,0), (0,0), (0,-0.0309386), (0,0), (-0.0742526,-0.0687704))
G_host : ((-0.37092,0.531597), (-9.33693e-05,-3.51754e-05), (-0.0612734,0.0667129), (3.99736e-06,-6.52776e-06), (-9.33693e-05,-3.51754e-05), (-0.37092,0.531597), (3.99736e-06,-6.52776e-06), (-0.0612734,0.0667129), (0.0612734,-0.0667129), (-3.99736e-06,6.52776e-06), (0.389411,0.524499), (7.50901e-05,-5.16918e-05), (-3.99736e-06,6.52776e-06), (0.0612734,-0.0667129), (7.50901e-05,-5.16918e-05), (0.389411,0.524499))
diff : 1.27163

Hyb : ((0.0651642,-0.109121), (0,0), (1.73472e-18,0.0271518), (0,0), (0,0), (0.0651642,-0.109121), (0,0), (1.73472e-18,0.0271518), (1.73472e-18,-0.0271518), (0,0), (-0.0651642,-0.109121), (0,0), (0,0), (1.73472e-18,-0.0271518), (0,0), (-0.0651642,-0.109121))
G_host : ((-0.252147,0.489483), (-3.64864e-07,7.09622e-07), (-0.0546711,0.0321355), (-7.20224e-08,5.06451e-08), (-3.64864e-07,7.09622e-07), (-0.252147,0.489483), (-7.20224e-08,5.06451e-08), (-0.0546711,0.0321355), (0.0546711,-0.0321355), (7.20224e-08,-5.06451e-08), (0.260986,0.485546), (4.6425e-07,6.04593e-07), (7.20224e-08,-5.06451e-08), (0.0546711,-0.0321355), (4.6425e-07,6.04593e-07), (0.260986,0.485546))
diff : 0.745373

Hyb : ((0.0537656,-0.142619), (0,0), (0,0.0224023), (0,0), (0,0), (0.0537656,-0.142619), (0,0), (0,0.0224023), (0,-0.0224023), (0,0), (-0.0537656,-0.142619), (0,0), (0,0), (0,-0.0224023), (0,0), (-0.0537656,-0.142619))
G_host : ((-0.170538,0.459627), (6.51407e-09,9.34491e-09), (-0.0483906,0.0176711), (-1.00064e-09,4.60918e-10), (6.51407e-09,9.34491e-09), (-0.170538,0.459627), (-1.00064e-09,4.60918e-10), (-0.0483906,0.0176711), (0.0483906,-0.0176711), (1.00064e-09,-4.60918e-10), (0.175267,0.457521), (-5.12081e-09,9.74543e-09), (1.00064e-09,-4.60918e-10), (0.0483906,-0.0176711), (-5.12081e-09,9.74543e-09), (0.175267,0.457521))
diff : 0.471902

Hyb : ((0.0417591,-0.168616), (0,0), (3.46945e-18,0.0173996), (0,0), (0,0), (0.0417591,-0.168616), (0,0), (3.46945e-18,0.0173996), (3.46945e-18,-0.0173996), (0,0), (-0.0417591,-0.168616), (0,0), (0,0), (3.46945e-18,-0.0173996), (0,0), (-0.0417591,-0.168616))
G_host : ((-0.112702,0.435758), (2.20503e-10,4.57997e-11), (-0.0425951,0.0100697), (-5.27949e-12,1.70386e-12), (2.20502e-10,4.57993e-11), (-0.112702,0.435758), (-5.27953e-12,1.70388e-12), (-0.0425951,0.0100697), (0.0425951,-0.0100697), (5.27947e-12,-1.70381e-12), (0.115287,0.43468), (-2.1259e-10,6.226e-11), (5.27949e-12,-1.70394e-12), (0.0425951,-0.0100697), (-2.12591e-10,6.22608e-11), (0.115287,0.43468))
diff : 0.315463

Hyb : ((0.0304359,-0.187488), (0,0), (-3.46945e-18,0.0126816), (0,0), (0,0), (0.0304359,-0.187488), (0,0), (-3.46945e-18,0.0126816), (-3.46945e-18,-0.0126816), (0,0), (-0.0304359,-0.187488), (0,0), (0,0), (-3.46945e-18,-0.0126816), (0,0), (-0.0304359,-0.187488))
G_host : ((-0.0707889,0.415523), (5.37814e-12,-1.60641e-12), (-0.0373563,0.00570755), (1.35288e-13,-2.44596e-14), (5.37814e-12,-1.60705e-12), (-0.0707889,0.415523), (1.35281e-13,-2.45429e-14), (-0.0373563,0.00570755), (0.0373563,-0.00570755), (-1.3535e-13,2.44923e-14), (0.0721779,0.415002), (-5.41989e-12,-1.32189e-12), (-1.3538e-13,2.45706e-14), (0.0373563,-0.00570755), (-5.41989e-12,-1.32228e-12), (0.0721779,0.415002))
diff : 0.221202

Hyb : ((0.0205486,-0.200184), (0,0), (3.46945e-18,0.00856191), (0,0), (0,0), (0.0205486,-0.200184), (0,0), (3.46945e-18,0.00856191), (0,-0.00856191), (0,0), (-0.0205486,-0.200184), (0,0), (0,0), (0,-0.00856191), (0,0), (-0.0205486,-0.200184))
G_host : ((-0.0400241,0.397835), (1.4011e-13,-9.1066e-14), (-0.0327098,0.00311782), (7.4489e-15,-9.4369e-16), (1.38112e-13,-9.09273e-14), (-0.0400241,0.397835), (7.49401e-15,-9.4369e-16), (-0.0327098,0.00311782), (0.0327098,-0.00311782), (-7.44196e-15,8.91648e-16), (0.0407371,0.397602), (-1.42775e-13,-8.607e-14), (-7.41594e-15,9.71445e-16), (0.0327098,-0.00311782), (-1.42331e-13,-8.60423e-14), (0.0407371,0.397602))
diff : 0.16248

Hyb : ((0.0123878,-0.207855), (0,0), (3.46945e-18,0.00516156), (0,0), (0,0), (0.0123878,-0.207855), (0,0), (3.46945e-18,0.00516156), (0,-0.00516157), (0,0), (-0.0123878,-0.207855), (0,0), (0,0), (0,-0.00516157), (0,0), (-0.0123878,-0.207855))
G_host : ((-0.0172963,0.382075), (3.10862e-15,-4.21885e-15), (-0.0286443,0.00156543), (2.84495e-16,-3.46945e-17), (4.21885e-15,-3.33067e-15), (-0.0172963,0.382075), (1.8735e-16,-4.16334e-17), (-0.0286443,0.00156543), (0.0286443,-0.00156543), (-2.91434e-16,5.07407e-17), (0.0176306,0.381983), (-3.9968e-15,-4.05231e-15), (-2.56739e-16,-4.16334e-17), (0.0286443,-0.00156543), (-5.32907e-15,-3.33067e-15), (0.0176306,0.381983))
diff : 0.124913

Hyb : ((0.00593533,-0.211618), (0,0), (3.46945e-18,0.00247305), (0,0), (0,0), (0.00593533,-0.211618), (0,0), (3.46945e-18,0.00247305), (3.46945e-18,-0.00247305), (0,0), (-0.00593533,-0.211618), (0,0), (0,0), (3.46945e-18,-0.00247305), (0,0), (-0.00593533,-0.211618))
G_host : ((-0.000471069,0.367837), (-2.22045e-16,-5.27356e-16), (-0.0251164,0.000638624), (2.08167e-17,2.08167e-17), (2.22045e-16,-6.66134e-16), (-0.000471069,0.367837), (-5.55112e-17,-1.38778e-17), (-0.0251164,0.000638624), (0.0251164,-0.000638624), (3.46945e-18,7.58942e-17), (0.000597924,0.367808), (-4.44089e-16,-5.55112e-16), (-1.04083e-17,-4.16334e-17), (0.0251164,-0.000638624), (-6.66134e-16,-2.22045e-16), (0.000597924,0.367808))
diff : 0.100278

Hyb : ((0.00100747,-0.212442), (0,0), (0,0.000419778), (0,0), (0,0), (0.00100747,-0.212442), (0,0), (0,0.000419778), (0,-0.00041978), (0,0), (-0.00100747,-0.212442), (0,0), (0,0), (0,-0.00041978), (0,0), (-0.00100747,-0.212442))
G_host : ((0.0119669,0.354833), (6.66134e-16,-2.77556e-17), (-0.0220679,9.39153e-05), (1.73472e-17,-3.46945e-17), (0,0), (0.0119669,0.354833), (-4.16334e-17,-2.77556e-17), (-0.0220679,9.39153e-05), (0.0220679,-9.39152e-05), (1.38778e-17,4.55365e-18), (-0.0119496,0.35483), (0,3.60822e-16), (3.46945e-17,4.16334e-17), (0.0220679,-9.39152e-05), (-4.44089e-16,1.11022e-15), (-0.0119496,0.35483))
diff : 0.0837198

Hyb : ((-0.00264366,-0.211118), (0,0), (0,-0.00110152), (0,0), (0,0), (-0.00264366,-0.211118), (0,0), (0,-0.00110152), (0,0.00110152), (0,0), (0.00264366,-0.211118), (0,0), (0,0), (0,0.00110152), (0,0), (0.00264366,-0.211118))
G_host : ((0.0211174,0.342851), (-2.22045e-16,2.77556e-17), (-0.0194374,-0.000216509), (1.73472e-17,4.77049e-17), (-6.66134e-16,-1.94289e-16), (0.0211174,0.342851), (-3.1225e-17,1.17961e-16), (-0.0194374,-0.000216509), (0.0194374,0.000216509), (-3.29597e-17,-2.4503e-17), (-0.0211544,0.342856), (-2.22045e-16,-6.10623e-16), (1.73472e-18,-5.55112e-17), (0.0194374,0.000216509), (8.88178e-16,-4.44089e-16), (-0.0211544,0.342856))
diff : 0.0723026

Hyb : ((-0.00526981,-0.208266), (0,0), (-3.46945e-18,-0.00219575), (0,0), (0,0), (-0.00526981,-0.208266), (0,0), (-3.46945e-18,-0.00219575), (-3.46945e-18,0.00219575), (0,0), (0.00526981,-0.208266), (0,0), (0,0), (-3.46945e-18,0.00219575), (0,0), (0.00526981,-0.208266))
G_host : ((0.0277898,0.331731), (2.22045e-16,6.66134e-16), (-0.017167,-0.000383522), (-2.77556e-17,1.19262e-17), (4.44089e-16,3.60822e-16), (0.0277898,0.331731), (5.20417e-18,-6.93889e-18), (-0.017167,-0.000383522), (0.017167,0.000383522), (2.08167e-17,-4.16334e-17), (-0.0278507,0.331738), (2.22045e-16,3.33067e-16), (1.38778e-17,8.67362e-19), (0.017167,0.000383522), (-4.44089e-16,1.11022e-16), (-0.0278507,0.331738))
diff : 0.0642173

Hyb : ((-0.0070971,-0.204359), (0,0), (-3.46945e-18,-0.00295713), (0,0), (0,0), (-0.0070971,-0.204359), (0,0), (-3.46945e-18,-0.00295713), (3.46945e-18,0.00295712), (0,0), (0.0070971,-0.204359), (0,0), (0,0), (3.46945e-18,0.00295712), (0,0), (0.0070971,-0.204359))
G_host : ((0.0325863,0.321352), (-8.88178e-16,4.44089e-16), (-0.0152046,-0.000463353), (-2.77556e-17,2.68882e-17), (-1.11022e-15,1.11022e-16), (0.0325863,0.321352), (-2.42861e-17,-3.46945e-17), (-0.0152046,-0.000463353), (0.0152046,0.000463353), (1.56125e-17,6.93889e-17), (-0.0326545,0.321356), (0,4.44089e-16), (3.81639e-17,-1.38778e-17), (0.0152046,0.000463353), (1.11022e-15,0), (-0.0326545,0.321356))
diff : 0.0583281

Hyb : ((-0.00831518,-0.199754), (0,0), (3.46945e-18,-0.00346466), (0,0), (0,0), (-0.00831518,-0.199754), (0,0), (3.46945e-18,-0.00346466), (-3.46945e-18,0.00346466), (0,0), (0.00831518,-0.199754), (0,0), (0,0), (-3.46945e-18,0.00346466), (0,0), (0.00831518,-0.199754))
G_host : ((0.0359576,0.311615), (-2.22045e-16,-1.11022e-16), (-0.013505,-0.000490896), (1.04083e-17,9.1073e-18), (-2.22045e-16,0), (0.0359576,0.311615), (0,2.08167e-17), (-0.013505,-0.000490896), (0.013505,0.000490896), (-2.25514e-17,-6.93889e-18), (-0.0360247,0.311618), (6.66134e-16,-4.44089e-16), (1.21431e-17,-3.29597e-17), (0.013505,0.000490896), (0,1.11022e-16), (-0.0360247,0.311618))
diff : 0.053909

Hyb : ((-0.00907657,-0.194714), (0,0), (0,-0.00378191), (0,0), (0,0), (-0.00907657,-0.194714), (0,0), (0,-0.00378191), (0,0.0037819), (0,0), (0.00907657,-0.194714), (0,0), (0,0), (0,0.0037819), (0,0), (0.00907657,-0.194714))
G_host : ((0.0382437,0.302447), (-4.44089e-16,1.11022e-16), (-0.0120293,-0.000487814), (-3.46945e-18,1.12757e-17), (0,2.77556e-16), (0.0382437,0.302447), (-2.60209e-17,5.55112e-17), (-0.0120293,-0.000487814), (0.0120293,0.000487815), (-5.20417e-18,-6.93889e-18), (-0.0383057,0.302448), (4.44089e-16,5.55112e-17), (0,-1.69136e-17), (0.0120293,0.000487815), (8.88178e-16,1.66533e-16), (-0.0383057,0.302448))
diff : 0.0504881

Hyb : ((-0.00950055,-0.189431), (0,0), (0,-0.00395856), (0,0), (0,0), (-0.00950055,-0.189431), (0,0), (0,-0.00395856), (0,0.00395856), (0,0), (0.00950055,-0.189431), (0,0), (0,0), (0,0.00395856), (0,0), (0.00950055,-0.189431))
G_host : ((0.039702,0.293785), (2.22045e-16,2.22045e-16), (-0.0107447,-0.000467529), (1.73472e-17,-3.16587e-17), (4.44089e-16,-2.77556e-16), (0.039702,0.293785), (0,-1.38778e-17), (-0.0107447,-0.000467529), (0.0107447,0.000467529), (5.20417e-18,2.77556e-17), (-0.0397573,0.293785), (-1.33227e-15,1.11022e-16), (-2.60209e-17,6.50521e-18), (0.0107447,0.000467529), (-8.88178e-16,1.66533e-16), (-0.0397573,0.293785))
diff : 0.0477541





