0.0000 0.0000
0.5000 146.9246
1.0000 119.0602
1.5000 97.1958
2.0000 82.4051
2.5000 71.8407
3.0000 63.9078
3.5000 57.7153
4.0000 52.7344
4.5000 48.6320
5.0000 45.1880
5.5000 42.2513
6.0000 39.7139
6.5000 37.4972
7.0000 35.5421
7.5000 33.8034
8.0000 32.2459
8.5000 30.8418
9.0000 29.5688
9.5000 28.4087
10.0000 27.3467
10.5000 26.3705
11.0000 25.4696
11.5000 24.6356
12.0000 23.8608
12.5000 23.1391
13.0000 22.4650
13.5000 21.8338
14.0000 21.2413
14.5000 20.6841
15.0000 20.1590
15.5000 19.6631
16.0000 19.1941
16.5000 18.7497
17.0000 18.3280
17.5000 17.9272
18.0000 17.5458
18.5000 17.1824
19.0000 16.8356
19.5000 16.5044
20.0000 16.1877
20.5000 15.8844
21.0000 15.5938
21.5000 15.3151
22.0000 15.0474
22.5000 14.7903
23.0000 14.5429
23.5000 14.3048
24.0000 14.0754
24.5000 13.8543
25.0000 13.6410
25.5000 13.4350
26.0000 13.2361
26.5000 13.0437
27.0000 12.8577
27.5000 12.6777
28.0000 12.5033
28.5000 12.3344
29.0000 12.1706
29.5000 12.0118
30.0000 11.8576
30.5000 11.7079
31.0000 11.5626
31.5000 11.4213
32.0000 11.2840
32.5000 11.1504
33.0000 11.0204
33.5000 10.8939
34.0000 10.7707
34.5000 10.6506
35.0000 10.5337
35.5000 10.4196
36.0000 10.3084
36.5000 10.2000
37.0000 10.0941
37.5000 9.9908
38.0000 9.8899
38.5000 9.7913
39.0000 9.6951
39.5000 9.6010
40.0000 9.5090
40.5000 9.4190
41.0000 9.3310
41.5000 9.2449
42.0000 9.1607
42.5000 9.0782
43.0000 8.9974
43.5000 8.9184
44.0000 8.8409
44.5000 8.7650
45.0000 8.6906
45.5000 8.6177
46.0000 8.5462
46.5000 8.4761
47.0000 8.4074
47.5000 8.3399
48.0000 8.2738
48.5000 8.2088
49.0000 8.1450
49.5000 8.0825
50.0000 8.0210
50.5000 7.9606
51.0000 7.9013
51.5000 7.8431
52.0000 7.7858
52.5000 7.7296
53.0000 7.6743
53.5000 7.6199
54.0000 7.5665
54.5000 7.5139
55.0000 7.4622
55.5000 7.4114
56.0000 7.3613
56.5000 7.3121
57.0000 7.2637
57.5000 7.2160
58.0000 7.1691
58.5000 7.1228
59.0000 7.0773
59.5000 7.0325
60.0000 6.9884
60.5000 6.9450
61.0000 6.9022
61.5000 6.8600
62.0000 6.8184
62.5000 6.7775
63.0000 6.7371
63.5000 6.6973
64.0000 6.6581
64.5000 6.6194
65.0000 6.5813
65.5000 6.5437
66.0000 6.5066
66.5000 6.4701
67.0000 6.4340
67.5000 6.3984
68.0000 6.3633
68.5000 6.3287
69.0000 6.2945
69.5000 6.2608
70.0000 6.2275
70.5000 6.1946
71.0000 6.1622
71.5000 6.1301
72.0000 6.0985
72.5000 6.0673
73.0000 6.0365
73.5000 6.0060
74.0000 5.9760
74.5000 5.9463
75.0000 5.9169
75.5000 5.8880
76.0000 5.8593
76.5000 5.8310
77.0000 5.8031
77.5000 5.7755
78.0000 5.7482
78.5000 5.7212
79.0000 5.6945
79.5000 5.6682
80.0000 5.6421
80.5000 5.6164
81.0000 5.5909
81.5000 5.5657
82.0000 5.5408
82.5000 5.5162
83.0000 5.4919
83.5000 5.4678
84.0000 5.4440
84.5000 5.4204
85.0000 5.3971
85.5000 5.3741
86.0000 5.3512
86.5000 5.3287
87.0000 5.3064
87.5000 5.2843
88.0000 5.2624
88.5000 5.2408
89.0000 5.2194
89.5000 5.1982
90.0000 5.1772
90.5000 5.1565
91.0000 5.1359
91.5000 5.1156
92.0000 5.0954
92.5000 5.0755
93.0000 5.0558
93.5000 5.0362
94.0000 5.0169
94.5000 4.9977
95.0000 4.9787
95.5000 4.9600
96.0000 4.9413
96.5000 4.9229
97.0000 4.9047
97.5000 4.8866
98.0000 4.8687
98.5000 4.8509
99.0000 4.8333
99.5000 4.8159
100.0000 4.7987
100.5000 4.7816
101.0000 4.7646
101.5000 4.7478
102.0000 4.7312
102.5000 4.7147
103.0000 4.6984
103.5000 4.6822
104.0000 4.6662
104.5000 4.6502
105.0000 4.6345
105.5000 4.6189
106.0000 4.6034
106.5000 4.5880
107.0000 4.5728
107.5000 4.5577
108.0000 4.5428
108.5000 4.5279
109.0000 4.5132
109.5000 4.4987
110.0000 4.4842
110.5000 4.4699
111.0000 4.4556
111.5000 4.4416
112.0000 4.4276
112.5000 4.4137
113.0000 4.4000
113.5000 4.3863
114.0000 4.3728
114.5000 4.3594
115.0000 4.3461
115.5000 4.3329
116.0000 4.3198
116.5000 4.3068
117.0000 4.2939
117.5000 4.2811
118.0000 4.2684
118.5000 4.2559
119.0000 4.2434
119.5000 4.2310
120.0000 4.2187
120.5000 4.2065
121.0000 4.1944
121.5000 4.1824
122.0000 4.1705
122.5000 4.1586
123.0000 4.1469
123.5000 4.1352
124.0000 4.1237
124.5000 4.1122
125.0000 4.1008
125.5000 4.0895
126.0000 4.0783
126.5000 4.0672
127.0000 4.0561
127.5000 4.0451
128.0000 4.0342
128.5000 4.0234
129.0000 4.0127
129.5000 4.0020
130.0000 3.9914
130.5000 3.9809
131.0000 3.9705
131.5000 3.9602
132.0000 3.9499
132.5000 3.9397
133.0000 3.9295
133.5000 3.9195
134.0000 3.9095
134.5000 3.8995
135.0000 3.8897
135.5000 3.8799
136.0000 3.8702
136.5000 3.8605
137.0000 3.8509
137.5000 3.8414
138.0000 3.8319
138.5000 3.8225
139.0000 3.8132
139.5000 3.8039
140.0000 3.7947
140.5000 3.7856
141.0000 3.7765
141.5000 3.7675
142.0000 3.7585
142.5000 3.7496
143.0000 3.7407
143.5000 3.7319
144.0000 3.7232
144.5000 3.7145
145.0000 3.7059
145.5000 3.6974
146.0000 3.6888
146.5000 3.6804
147.0000 3.6720
147.5000 3.6636
148.0000 3.6553
148.5000 3.6471
149.0000 3.6389
149.5000 3.6308
150.0000 3.6227
150.5000 3.6147
151.0000 3.6067
151.5000 3.5987
152.0000 3.5909
152.5000 3.5830
153.0000 3.5752
153.5000 3.5675
154.0000 3.5598
154.5000 3.5521
155.0000 3.5445
155.5000 3.5370
156.0000 3.5295
156.5000 3.5220
157.0000 3.5146
157.5000 3.5072
158.0000 3.4999
158.5000 3.4926
159.0000 3.4854
159.5000 3.4782
160.0000 3.4710
160.5000 3.4639
161.0000 3.4568
161.5000 3.4498
162.0000 3.4428
162.5000 3.4358
163.0000 3.4289
163.5000 3.4221
164.0000 3.4152
164.5000 3.4084
165.0000 3.4017
165.5000 3.3950
166.0000 3.3883
166.5000 3.3817
167.0000 3.3751
167.5000 3.3685
168.0000 3.3620
168.5000 3.3555
169.0000 3.3490
169.5000 3.3426
170.0000 3.3362
170.5000 3.3299
171.0000 3.3236
171.5000 3.3173
172.0000 3.3111
172.5000 3.3049
173.0000 3.2987
173.5000 3.2926
174.0000 3.2864
174.5000 3.2804
175.0000 3.2743
175.5000 3.2683
176.0000 3.2624
176.5000 3.2564
177.0000 3.2505
177.5000 3.2446
178.0000 3.2388
178.5000 3.2330
179.0000 3.2272
179.5000 3.2214
180.0000 3.2157
180.5000 3.2100
181.0000 3.2044
181.5000 3.1987
182.0000 3.1931
182.5000 3.1875
183.0000 3.1820
183.5000 3.1765
184.0000 3.1710
184.5000 3.1655
185.0000 3.1601
185.5000 3.1547
186.0000 3.1493
186.5000 3.1440
187.0000 3.1386
187.5000 3.1334
188.0000 3.1281
188.5000 3.1228
189.0000 3.1176
189.5000 3.1124
190.0000 3.1073
190.5000 3.1021
191.0000 3.0970
191.5000 3.0920
192.0000 3.0869
192.5000 3.0819
193.0000 3.0768
193.5000 3.0719
194.0000 3.0669
194.5000 3.0620
195.0000 3.0571
195.5000 3.0522
196.0000 3.0473
196.5000 3.0425
197.0000 3.0376
197.5000 3.0329
198.0000 3.0281
198.5000 3.0233
199.0000 3.0186
199.5000 3.0139
200.0000 3.0092
200.5000 3.0046
201.0000 2.9999
201.5000 2.9953
202.0000 2.9907
202.5000 2.9862
203.0000 2.9816
203.5000 2.9771
204.0000 2.9726
204.5000 2.9681
205.0000 2.9636
205.5000 2.9592
206.0000 2.9548
206.5000 2.9504
207.0000 2.9460
207.5000 2.9416
208.0000 2.9373
208.5000 2.9330
209.0000 2.9287
209.5000 2.9244
210.0000 2.9201
210.5000 2.9159
211.0000 2.9117
211.5000 2.9075
212.0000 2.9033
212.5000 2.8991
213.0000 2.8950
213.5000 2.8909
214.0000 2.8868
214.5000 2.8827
215.0000 2.8786
215.5000 2.8745
216.0000 2.8705
216.5000 2.8665
217.0000 2.8625
217.5000 2.8585
218.0000 2.8545
218.5000 2.8506
219.0000 2.8467
219.5000 2.8428
220.0000 2.8389
220.5000 2.8350
221.0000 2.8311
221.5000 2.8273
222.0000 2.8235
222.5000 2.8196
223.0000 2.8158
223.5000 2.8121
224.0000 2.8083
224.5000 2.8046
225.0000 2.8008
225.5000 2.7971
226.0000 2.7934
226.5000 2.7897
227.0000 2.7861
227.5000 2.7824
228.0000 2.7788
228.5000 2.7752
229.0000 2.7716
229.5000 2.7680
230.0000 2.7644
230.5000 2.7608
231.0000 2.7573
231.5000 2.7538
232.0000 2.7503
232.5000 2.7468
233.0000 2.7433
233.5000 2.7398
234.0000 2.7363
234.5000 2.7329
235.0000 2.7295
235.5000 2.7261
236.0000 2.7227
236.5000 2.7193
237.0000 2.7159
237.5000 2.7125
238.0000 2.7092
238.5000 2.7059
239.0000 2.7026
239.5000 2.6992
240.0000 2.6960
240.5000 2.6927
241.0000 2.6894
241.5000 2.6862
242.0000 2.6829
242.5000 2.6797
243.0000 2.6765
243.5000 2.6733
244.0000 2.6701
244.5000 2.6669
245.0000 2.6638
245.5000 2.6606
246.0000 2.6575
246.5000 2.6544
247.0000 2.6513
247.5000 2.6482
248.0000 2.6451
248.5000 2.6420
249.0000 2.6389
249.5000 2.6359
