# Gaussian peak data (ASCII format)
# Columns: x  y
# True parameters: amplitude=10.0, mu=0.5, sigma=1.2
   -5.000000     -0.318611
   -4.932886     -0.119521
   -4.865772      0.001504
   -4.798658      0.009980
   -4.731544     -0.089267
   -4.664430      0.125521
   -4.597315     -0.212317
   -4.530201     -0.026947
   -4.463087      0.025989
   -4.395973      0.105316
   -4.328859      0.145369
   -4.261745     -0.221119
   -4.194631     -0.302075
   -4.127517      0.261435
   -4.060403      0.073772
   -3.993289     -0.140672
   -3.926174      0.321341
   -3.859060      0.036770
   -3.791946      0.252540
   -3.724832      0.033846
   -3.657718      0.436880
   -3.590604      0.381040
   -3.523490     -0.013583
   -3.456376      0.237925
   -3.389262      0.181435
   -3.322148      0.336393
   -3.255034     -0.118215
   -3.187919      0.226141
   -3.120805      0.317129
   -3.053691     -0.227116
   -2.986577     -0.089799
   -2.919463     -0.235352
   -2.852349      0.148099
   -2.785235      0.379277
   -2.718121      0.574821
   -2.651007      0.333065
   -2.583893      0.693737
   -2.516779      0.148215
   -2.449664      0.146841
   -2.382550      0.547381
   -2.315436      0.714610
   -2.248322      0.719552
   -2.181208      0.410538
   -2.114094      0.914427
   -2.046980      0.790501
   -1.979866      1.315997
   -1.912752      1.398139
   -1.845638      1.292203
   -1.778523      1.545820
   -1.711409      1.618592
   -1.644295      2.013450
   -1.577181      2.426454
   -1.510067      2.261668
   -1.442953      2.796887
   -1.375839      2.840953
   -1.308725      3.052651
   -1.241611      3.466801
   -1.174497      3.570197
   -1.107383      3.966731
   -1.040268      4.148215
   -0.973154      5.099937
   -0.906040      5.040698
   -0.838926      5.226210
   -0.771812      5.745561
   -0.704698      6.019096
   -0.637584      6.336302
   -0.570470      6.840234
   -0.503356      7.201509
   -0.436242      7.269874
   -0.369128      7.577749
   -0.302013      7.943401
   -0.234899      7.829685
   -0.167785      8.262490
   -0.100671      9.095875
   -0.033557      9.387795
    0.033557      9.222575
    0.100671      9.576668
    0.167785      9.686282
    0.234899     10.374707
    0.302013     10.088730
    0.369128      9.915122
    0.436242      9.794787
    0.503356      9.678672
    0.570470     10.023465
    0.637584      9.783219
    0.704698      9.571112
    0.771812      9.617414
    0.838926      9.392683
    0.906040      9.781045
    0.973154      9.428429
    1.040268      9.034566
    1.107383      9.093687
    1.174497      8.554251
    1.241611      8.089337
    1.308725      8.273069
    1.375839      7.769476
    1.442953      7.136295
    1.510067      6.978938
    1.577181      6.508741
    1.644295      6.070097
    1.711409      6.192876
    1.778523      6.050856
    1.845638      5.052976
    1.912752      5.113282
    1.979866      4.544583
    2.046980      4.258911
    2.114094      3.928486
    2.181208      3.575025
    2.248322      3.469658
    2.315436      3.018029
    2.382550      2.975398
    2.449664      2.661684
    2.516779      2.388058
    2.583893      2.032341
    2.651007      1.890454
    2.718121      1.962715
    2.785235      1.731336
    2.852349      1.268551
    2.919463      1.329851
    2.986577      1.318738
    3.053691      0.705090
    3.120805      1.029619
    3.187919      0.681256
    3.255034      0.830958
    3.322148      0.476821
    3.389262      0.190052
    3.456376      0.155345
    3.523490      0.427922
    3.590604      0.414701
    3.657718      0.132738
    3.724832      0.397979
    3.791946     -0.100121
    3.859060      0.185630
    3.926174     -0.072439
    3.993289      0.014116
    4.060403      0.132063
    4.127517     -0.068405
    4.194631      0.010503
    4.261745      0.274730
    4.328859     -0.053819
    4.395973      0.218557
    4.463087     -0.183128
    4.530201      0.141498
    4.597315      0.317719
    4.664430     -0.470073
    4.731544     -0.139434
    4.798658      0.131764
    4.865772     -0.027249
    4.932886      0.085113
    5.000000     -0.111959
