1.000000000000000021e-02 5.693333333333332469e-01 4.704333333333333478e+00 9.954666666666666330e+00 1.438933333333333309e+01 1.788899999999999935e+01 2.080466666666666953e+01 2.325933333333333408e+01 2.535233333333333405e+01 2.704100000000000037e+01 2.855700000000000216e+01 2.993333333333333357e+01 3.130666666666666842e+01 3.223066666666666436e+01 3.307266666666667021e+01 3.389966666666666839e+01 3.471999999999999886e+01 3.553166666666666629e+01 3.599533333333333474e+01 3.648333333333333428e+01 3.706566666666667231e+01 3.760033333333333161e+01
2.000000000000000042e-02 2.441666666666666874e+00 7.658666666666666067e+00 1.269966666666666555e+01 1.684133333333333127e+01 2.009333333333333371e+01 2.279300000000000281e+01 2.518366666666666731e+01 2.702066666666666706e+01 2.868133333333333113e+01 3.028166666666666629e+01 3.135533333333333417e+01 3.249166666666666714e+01 3.342566666666667174e+01 3.417966666666666242e+01 3.510633333333333184e+01 3.572999999999999687e+01 3.644599999999999795e+01 3.705199999999999960e+01 3.755766666666666254e+01 3.806066666666666976e+01 3.836833333333333229e+01
2.999999999999999889e-02 4.016999999999999460e+00 9.521666666666666501e+00 1.448866666666666703e+01 1.834733333333333150e+01 2.154266666666666552e+01 2.411766666666666481e+01 2.631299999999999883e+01 2.819933333333333181e+01 2.968066666666667075e+01 3.094733333333333647e+01 3.226933333333333564e+01 3.319166666666666998e+01 3.414133333333333553e+01 3.495566666666666578e+01 3.582000000000000028e+01 3.643566666666666976e+01 3.693100000000000449e+01 3.764233333333333320e+01 3.823366666666666447e+01 3.853466666666666640e+01 3.895533333333333559e+01
4.000000000000000083e-02 5.381000000000000227e+00 1.093233333333333235e+01 1.573099999999999987e+01 1.963666666666666671e+01 2.255500000000000327e+01 2.516166666666666529e+01 2.716866666666666674e+01 2.889233333333333675e+01 3.041666666666666785e+01 3.169599999999999795e+01 3.275699999999999790e+01 3.395266666666667277e+01 3.480533333333333701e+01 3.567600000000000193e+01 3.630333333333333456e+01 3.678300000000000125e+01 3.765166666666666373e+01 3.810233333333333405e+01 3.853600000000000136e+01 3.895899999999999608e+01 3.940333333333333599e+01
5.000000000000000278e-02 6.594666666666666011e+00 1.212033333333333296e+01 1.681733333333333391e+01 2.045566666666666578e+01 2.333433333333333337e+01 2.571599999999999753e+01 2.788599999999999923e+01 2.953200000000000003e+01 3.102833333333333243e+01 3.233066666666666578e+01 3.342466666666666697e+01 3.445000000000000284e+01 3.507633333333333070e+01 3.597399999999999665e+01 3.673166666666666913e+01 3.730499999999999972e+01 3.790933333333332911e+01 3.841833333333333655e+01 3.900000000000000000e+01 3.941066666666667118e+01 3.983733333333333348e+01
5.999999999999999778e-02 7.674999999999999822e+00 1.315899999999999892e+01 1.756599999999999895e+01 2.121633333333333127e+01 2.421033333333333459e+01 2.646866666666666745e+01 2.844566666666666777e+01 3.012833333333333385e+01 3.153066666666666862e+01 3.274266666666666481e+01 3.382966666666666811e+01 3.481666666666666998e+01 3.565333333333333599e+01 3.627833333333333599e+01 3.718066666666666720e+01 3.759466666666666868e+01 3.817333333333333201e+01 3.870199999999999818e+01 3.913033333333333275e+01 3.960933333333333906e+01 4.010033333333333161e+01
7.000000000000000666e-02 8.515000000000000568e+00 1.390300000000000225e+01 1.843933333333333380e+01 2.191366666666666774e+01 2.474066666666666592e+01 2.710299999999999798e+01 2.902633333333333354e+01 3.056399999999999650e+01 3.187099999999999866e+01 3.311766666666666481e+01 3.412033333333333474e+01 3.520966666666666356e+01 3.618100000000000449e+01 3.672399999999999665e+01 3.727199999999999847e+01 3.798366666666666447e+01 3.854200000000000159e+01 3.903066666666666862e+01 3.943300000000000693e+01 3.980933333333332769e+01 4.029466666666666441e+01
8.000000000000000167e-02 9.371666666666666146e+00 1.481333333333333258e+01 1.911766666666666836e+01 2.250700000000000145e+01 2.520233333333333192e+01 2.753466666666666640e+01 2.947899999999999565e+01 3.089433333333333564e+01 3.248099999999999454e+01 3.355333333333333456e+01 3.448900000000000432e+01 3.542200000000000415e+01 3.619833333333333059e+01 3.709933333333333394e+01 3.760633333333333184e+01 3.837800000000000011e+01 3.873700000000000188e+01 3.928699999999999903e+01 3.967699999999999960e+01 4.010366666666666902e+01 4.048400000000000176e+01
8.999999999999999667e-02 1.008433333333333337e+01 1.546300000000000097e+01 1.962933333333333508e+01 2.324066666666666592e+01 2.572099999999999653e+01 2.804100000000000392e+01 2.989033333333333431e+01 3.132933333333333081e+01 3.271399999999999864e+01 3.378633333333333155e+01 3.482333333333333059e+01 3.573433333333333906e+01 3.656000000000000227e+01 3.715700000000000358e+01 3.796433333333332882e+01 3.840899999999999892e+01 3.907333333333333059e+01 3.952633333333333354e+01 3.985099999999999909e+01 4.034100000000000108e+01 4.070399999999999352e+01
1.000000000000000056e-01 1.075333333333333385e+01 1.613899999999999935e+01 2.035066666666666535e+01 2.364533333333333331e+01 2.626399999999999935e+01 2.854933333333332968e+01 3.022033333333333616e+01 3.173866666666666347e+01 3.285533333333333417e+01 3.422433333333333394e+01 3.514066666666666094e+01 3.602166666666666828e+01 3.681033333333333246e+01 3.758066666666666578e+01 3.814400000000000546e+01 3.859766666666666879e+01 3.913366666666667015e+01 3.984799999999999898e+01 4.001933333333333564e+01 4.048599999999999710e+01 4.089566666666666350e+01
1.100000000000000006e-01 1.136066666666666691e+01 1.670933333333333337e+01 2.089033333333333431e+01 2.406366666666666632e+01 2.674600000000000222e+01 2.875433333333333863e+01 3.060766666666666325e+01 3.195433333333333081e+01 3.332966666666666811e+01 3.439833333333333343e+01 3.545033333333333303e+01 3.629266666666666197e+01 3.692399999999999949e+01 3.769933333333332826e+01 3.834966666666667123e+01 3.897266666666666879e+01 3.944899999999999807e+01 3.984033333333333360e+01 4.027499999999999858e+01 4.069933333333332826e+01 4.102266666666666595e+01
1.199999999999999956e-01 1.212566666666666748e+01 1.716733333333333178e+01 2.126233333333333420e+01 2.438966666666666683e+01 2.702166666666666828e+01 2.901066666666666194e+01 3.092000000000000171e+01 3.225733333333333519e+01 3.358233333333333803e+01 3.478699999999999903e+01 3.574033333333333218e+01 3.639833333333333343e+01 3.706699999999999307e+01 3.798700000000000188e+01 3.852400000000000091e+01 3.907033333333333758e+01 3.965100000000000335e+01 4.012599999999999767e+01 4.045799999999999841e+01 4.063599999999999568e+01 4.123900000000000432e+01
1.300000000000000044e-01 1.272433333333333394e+01 1.785000000000000142e+01 2.174333333333333229e+01 2.485866666666666447e+01 2.736099999999999710e+01 2.948400000000000176e+01 3.137233333333333718e+01 3.256499999999999773e+01 3.372733333333333405e+01 3.493266666666666254e+01 3.595299999999999585e+01 3.663133333333333752e+01 3.749433333333333707e+01 3.807566666666667032e+01 3.881899999999999551e+01 3.933500000000000085e+01 3.962533333333333729e+01 4.024900000000000233e+01 4.050566666666666293e+01 4.086933333333333707e+01 4.121566666666667089e+01
1.400000000000000133e-01 1.313133333333333219e+01 1.823433333333333550e+01 2.209533333333333616e+01 2.521699999999999875e+01 2.772933333333333650e+01 2.974133333333333340e+01 3.154033333333333289e+01 3.275166666666666515e+01 3.404933333333332968e+01 3.515666666666666629e+01 3.618300000000000693e+01 3.689733333333332865e+01 3.772933333333333650e+01 3.835633333333333184e+01 3.893733333333332780e+01 3.945433333333333081e+01 3.989433333333333564e+01 4.029899999999999949e+01 4.083800000000000097e+01 4.095866666666666589e+01 4.128799999999999670e+01
1.499999999999999944e-01 1.378133333333333432e+01 1.874666666666666615e+01 2.249033333333333573e+01 2.552233333333332865e+01 2.801733333333333675e+01 3.005566666666667075e+01 3.171799999999999997e+01 3.302900000000000347e+01 3.438599999999999568e+01 3.527566666666666606e+01 3.626566666666666094e+01 3.713299999999999557e+01 3.788166666666666771e+01 3.840666666666666629e+01 3.895766666666666822e+01 3.971366666666666845e+01 4.003333333333333144e+01 4.052333333333333343e+01 4.072500000000000142e+01 4.121666666666666856e+01 4.146399999999999864e+01
1.600000000000000033e-01 1.414366666666666461e+01 1.908933333333333238e+01 2.298566666666666336e+01 2.588833333333333542e+01 2.832033333333333402e+01 3.028000000000000114e+01 3.205766666666666254e+01 3.345199999999999818e+01 3.446799999999999642e+01 3.545399999999999352e+01 3.654866666666666930e+01 3.724033333333333218e+01 3.792100000000000648e+01 3.861466666666666470e+01 3.930400000000000205e+01 3.973400000000000176e+01 4.022833333333333172e+01 4.066533333333333644e+01 4.103533333333332678e+01 4.129866666666666930e+01 4.160399999999999920e+01
1.700000000000000122e-01 1.458466666666666534e+01 1.948466666666666569e+01 2.331966666666667010e+01 2.619633333333333169e+01 2.877166666666666828e+01 3.041133333333333155e+01 3.222099999999999653e+01 3.358233333333333803e+01 3.457566666666667032e+01 3.582433333333332826e+01 3.660266666666667135e+01 3.731499999999999773e+01 3.801800000000000068e+01 3.878266666666666396e+01 3.942666666666666941e+01 3.990066666666666606e+01 4.030166666666666941e+01 4.077100000000000080e+01 4.113900000000000290e+01 4.147033333333333616e+01 4.186800000000000210e+01
1.799999999999999933e-01 1.502900000000000169e+01 1.991766666666666552e+01 2.369633333333333169e+01 2.666300000000000026e+01 2.885933333333333550e+01 3.095599999999999596e+01 3.248533333333333672e+01 3.374900000000000233e+01 3.490400000000000347e+01 3.610166666666666657e+01 3.664400000000000546e+01 3.771799999999999642e+01 3.831466666666666754e+01 3.870733333333333803e+01 3.941833333333333655e+01 4.000466666666666526e+01 4.042633333333333212e+01 4.083299999999999841e+01 4.113133333333333752e+01 4.168866666666666987e+01 4.177600000000000335e+01
1.900000000000000022e-01 1.555066666666666642e+01 2.023433333333333550e+01 2.399200000000000088e+01 2.677233333333332865e+01 2.920666666666666700e+01 3.116233333333332922e+01 3.269033333333333502e+01 3.398466666666666214e+01 3.502533333333332877e+01 3.612533333333333729e+01 3.705100000000000193e+01 3.764033333333333786e+01 3.846466666666667322e+01 3.912333333333333485e+01 3.961933333333333707e+01 4.023099999999999454e+01 4.053433333333332911e+01 4.099633333333333240e+01 4.141900000000000404e+01 4.168300000000000693e+01 4.213533333333333530e+01
2.000000000000000111e-01 1.595533333333333381e+01 2.067366666666666930e+01 2.441800000000000281e+01 2.724733333333333718e+01 2.948766666666666580e+01 3.138400000000000389e+01 3.295100000000000051e+01 3.421533333333333360e+01 3.520433333333333081e+01 3.630600000000000449e+01 3.712066666666666492e+01 3.792300000000000182e+01 3.850866666666667015e+01 3.924366666666666248e+01 3.956233333333332780e+01 4.015166666666666373e+01 4.063666666666666316e+01 4.127033333333333331e+01 4.129200000000000159e+01 4.178499999999999659e+01 4.205166666666666941e+01
2.099999999999999922e-01 1.625733333333333164e+01 2.098666666666666814e+01 2.470533333333333559e+01 2.749066666666666237e+01 2.964466666666666583e+01 3.169533333333333402e+01 3.306233333333332780e+01 3.434533333333333616e+01 3.536433333333333451e+01 3.653466666666666640e+01 3.721300000000000097e+01 3.805566666666666720e+01 3.880199999999999960e+01 3.925066666666666038e+01 3.976599999999999824e+01 4.037500000000000000e+01 4.069033333333333502e+01 4.114233333333333320e+01 4.148633333333333439e+01 4.189433333333333564e+01 4.227799999999999869e+01
2.200000000000000011e-01 1.679833333333333201e+01 2.135733333333333661e+01 2.497933333333333294e+01 2.764066666666666450e+01 2.993033333333333346e+01 3.177333333333333343e+01 3.322099999999999653e+01 3.474099999999999966e+01 3.564633333333333098e+01 3.661166666666666458e+01 3.751033333333333530e+01 3.806733333333333746e+01 3.884499999999999886e+01 3.939133333333333553e+01 3.992533333333333445e+01 4.059866666666666646e+01 4.073299999999999699e+01 4.119199999999999307e+01 4.176266666666666083e+01 4.198666666666666458e+01 4.232166666666666544e+01
2.300000000000000100e-01 1.730700000000000216e+01 2.170233333333333192e+01 2.523066666666666436e+01 2.804766666666666453e+01 3.016200000000000259e+01 3.197766666666667135e+01 3.339633333333333098e+01 3.469966666666666555e+01 3.580666666666666487e+01 3.681566666666667231e+01 3.757933333333333081e+01 3.830499999999999972e+01 3.905400000000000205e+01 3.954166666666666430e+01 4.009866666666666646e+01 4.044399999999999551e+01 4.101866666666666816e+01 4.137666666666666515e+01 4.181133333333333013e+01 4.207866666666667044e+01 4.232633333333333070e+01
2.399999999999999911e-01 1.752633333333333354e+01 2.192833333333333456e+01 2.549600000000000222e+01 2.823700000000000188e+01 3.037800000000000011e+01 3.215566666666666862e+01 3.382033333333333758e+01 3.488400000000000034e+01 3.598799999999999955e+01 3.694399999999999551e+01 3.780066666666667174e+01 3.832833333333333314e+01 3.923466666666666214e+01 3.965700000000000358e+01 4.022999999999999687e+01 4.052966666666666384e+01 4.109866666666666646e+01 4.138700000000000045e+01 4.183533333333333104e+01 4.216366666666667129e+01 4.245433333333333081e+01
2.500000000000000000e-01 1.778633333333333510e+01 2.238333333333333641e+01 2.581599999999999895e+01 2.858866666666666845e+01 3.056066666666666976e+01 3.242266666666666453e+01 3.388766666666666083e+01 3.507666666666666799e+01 3.626599999999999824e+01 3.713066666666666293e+01 3.798133333333333184e+01 3.870966666666666356e+01 3.937033333333333474e+01 3.977466666666666839e+01 4.034933333333333394e+01 4.063599999999999568e+01 4.110266666666667135e+01 4.164633333333333098e+01 4.193899999999999295e+01 4.234166666666666856e+01 4.249833333333333485e+01
2.600000000000000089e-01 1.834399999999999764e+01 2.247133333333333383e+01 2.607099999999999795e+01 2.871333333333333471e+01 3.097466666666667123e+01 3.271999999999999886e+01 3.394166666666666998e+01 3.526766666666666339e+01 3.616799999999999926e+01 3.720966666666666356e+01 3.803266666666666396e+01 3.870299999999999585e+01 3.922766666666667135e+01 3.986599999999999966e+01 4.044666666666666544e+01 4.101166666666666316e+01 4.133166666666666345e+01 4.170633333333333326e+01 4.204866666666666930e+01 4.229966666666666697e+01 4.251866666666666816e+01
2.700000000000000178e-01 1.861733333333333107e+01 2.302499999999999858e+01 2.644499999999999673e+01 2.896099999999999852e+01 3.114966666666666484e+01 3.287666666666666515e+01 3.435533333333333417e+01 3.539233333333333320e+01 3.639300000000000068e+01 3.725666666666666771e+01 3.818633333333333013e+01 3.888866666666666561e+01 3.939033333333333786e+01 3.991733333333333178e+01 4.058633333333332871e+01 4.098833333333333684e+01 4.138733333333333775e+01 4.175633333333333752e+01 4.208266666666666822e+01 4.234766666666666879e+01 4.264833333333333343e+01
2.800000000000000266e-01 1.891166666666666529e+01 2.322966666666666669e+01 2.657666666666666799e+01 2.916566666666667018e+01 3.137333333333333485e+01 3.286999999999999744e+01 3.432699999999999818e+01 3.560033333333333161e+01 3.667466666666666697e+01 3.767033333333333189e+01 3.836333333333333684e+01 3.904700000000000415e+01 3.955666666666666487e+01 4.006966666666666299e+01 4.061966666666666725e+01 4.108399999999999608e+01 4.133599999999999852e+01 4.192666666666666941e+01 4.234933333333333394e+01 4.257966666666666811e+01 4.274633333333333240e+01
2.899999999999999800e-01 1.931166666666666742e+01 2.353833333333333044e+01 2.681933333333333280e+01 2.948799999999999955e+01 3.153700000000000259e+01 3.318733333333332780e+01 3.474166666666666714e+01 3.568533333333333246e+01 3.674133333333332985e+01 3.763633333333334008e+01 3.846000000000000085e+01 3.904533333333333189e+01 3.966833333333333655e+01 4.030733333333333235e+01 4.071266666666667078e+01 4.115700000000000358e+01 4.161766666666666481e+01 4.193066666666666720e+01 4.242600000000000193e+01 4.261566666666666237e+01 4.277000000000000313e+01
2.999999999999999889e-01 1.963599999999999923e+01 2.386966666666666370e+01 2.718133333333333113e+01 2.960766666666666325e+01 3.165933333333333266e+01 3.338233333333333519e+01 3.473133333333333184e+01 3.588433333333333763e+01 3.691766666666666197e+01 3.790166666666666373e+01 3.876366666666666561e+01 3.909799999999999898e+01 3.987133333333333240e+01 4.026066666666666549e+01 4.088333333333333286e+01 4.122533333333333161e+01 4.170399999999999352e+01 4.211099999999999710e+01 4.231333333333333258e+01 4.251066666666666549e+01 4.307899999999999352e+01
3.099999999999999978e-01 1.995400000000000063e+01 2.411799999999999855e+01 2.730533333333332990e+01 2.991166666666666529e+01 3.186733333333333462e+01 3.360799999999999699e+01 3.488233333333333519e+01 3.623833333333333684e+01 3.717733333333332979e+01 3.803066666666666862e+01 3.871266666666667078e+01 3.930333333333333456e+01 3.995466666666666811e+01 4.051400000000000290e+01 4.096733333333333604e+01 4.135499999999999687e+01 4.178533333333332678e+01 4.202833333333333599e+01 4.239166666666666572e+01 4.282466666666666555e+01 4.299399999999999977e+01
3.200000000000000067e-01 2.026933333333333564e+01 2.449666666666666259e+01 2.765400000000000347e+01 3.011033333333333317e+01 3.213266666666666538e+01 3.374466666666666725e+01 3.504800000000000182e+01 3.612933333333333508e+01 3.735566666666666436e+01 3.791900000000000404e+01 3.885900000000000176e+01 3.945966666666666356e+01 4.004766666666666453e+01 4.071833333333333371e+01 4.101366666666666561e+01 4.153600000000000136e+01 4.189300000000000068e+01 4.220333333333333314e+01 4.262299999999999756e+01 4.280899999999999750e+01 4.320066666666667032e+01
3.300000000000000155e-01 2.062199999999999989e+01 2.471166666666666956e+01 2.793233333333332880e+01 3.033200000000000074e+01 3.217733333333332979e+01 3.374133333333332985e+01 3.525633333333333752e+01 3.637400000000000233e+01 3.728100000000000591e+01 3.810666666666666913e+01 3.876900000000000546e+01 3.960033333333333161e+01 4.006433333333333024e+01 4.077566666666666606e+01 4.115233333333333121e+01 4.151766666666666339e+01 4.189500000000000313e+01 4.232466666666666555e+01 4.258800000000000097e+01 4.304933333333332968e+01 4.321300000000000807e+01
3.400000000000000244e-01 2.086066666666666691e+01 2.501099999999999923e+01 2.804233333333332823e+01 3.048599999999999710e+01 3.232733333333333547e+01 3.413533333333333530e+01 3.535866666666666447e+01 3.652266666666666595e+01 3.746000000000000085e+01 3.828833333333333400e+01 3.908099999999999596e+01 3.969466666666666299e+01 4.014999999999999858e+01 4.074433333333333707e+01 4.121999999999999886e+01 4.174866666666666504e+01 4.193733333333332780e+01 4.247899999999999920e+01 4.261833333333333229e+01 4.307966666666666811e+01 4.318533333333333246e+01
3.500000000000000333e-01 2.122633333333333638e+01 2.526266666666666438e+01 2.839099999999999824e+01 3.074133333333333340e+01 3.257999999999999829e+01 3.428966666666666896e+01 3.554666666666666686e+01 3.660799999999999699e+01 3.765533333333333132e+01 3.836200000000000188e+01 3.921699999999999875e+01 3.988299999999999557e+01 4.040166666666666373e+01 4.066700000000000159e+01 4.146999999999999886e+01 4.182099999999999795e+01 4.205433333333333223e+01 4.239699999999999847e+01 4.283099999999999596e+01 4.325666666666667481e+01 4.336000000000000654e+01
3.599999999999999867e-01 2.153033333333333132e+01 2.547666666666667012e+01 2.865600000000000236e+01 3.104633333333333312e+01 3.280466666666666242e+01 3.433266666666666822e+01 3.571133333333332871e+01 3.674433333333333707e+01 3.775533333333333275e+01 3.857433333333332826e+01 3.919899999999999807e+01 3.996000000000000085e+01 4.052000000000000313e+01 4.106266666666667220e+01 4.130633333333333468e+01 4.182966666666666811e+01 4.217033333333333189e+01 4.232533333333333303e+01 4.291566666666666663e+01 4.305033333333333445e+01 4.329966666666666697e+01
3.699999999999999956e-01 2.178700000000000259e+01 2.578466666666666640e+01 2.886499999999999844e+01 3.109799999999999898e+01 3.300566666666666293e+01 3.466299999999999670e+01 3.565133333333333354e+01 3.697099999999999653e+01 3.787466666666666271e+01 3.858399999999999608e+01 3.933599999999999852e+01 4.003766666666666652e+01 4.074099999999999966e+01 4.097500000000000142e+01 4.150699999999999790e+01 4.203166666666666629e+01 4.220633333333333326e+01 4.271366666666666134e+01 4.299766666666666737e+01 4.330400000000000205e+01 4.342300000000000182e+01
3.800000000000000044e-01 2.218400000000000105e+01 2.582633333333333070e+01 2.905233333333332979e+01 3.136766666666666481e+01 3.316533333333333644e+01 3.477600000000000335e+01 3.594033333333333502e+01 3.718600000000000705e+01 3.816400000000000148e+01 3.891233333333332922e+01 3.951866666666666816e+01 4.018100000000000449e+01 4.062066666666666492e+01 4.121300000000000097e+01 4.157799999999999585e+01 4.202766666666666140e+01 4.245100000000000051e+01 4.268700000000000472e+01 4.304800000000000182e+01 4.334600000000000364e+01 4.345566666666666578e+01
3.900000000000000133e-01 2.228766666666666652e+01 2.620799999999999841e+01 2.914900000000000091e+01 3.155100000000000193e+01 3.343766666666667220e+01 3.493833333333333258e+01 3.620866666666666589e+01 3.735033333333333161e+01 3.814733333333332865e+01 3.895533333333333559e+01 3.965766666666666396e+01 4.027199999999999847e+01 4.075666666666666771e+01 4.147766666666667135e+01 4.152833333333333599e+01 4.197633333333332928e+01 4.238033333333333275e+01 4.282466666666666555e+01 4.292300000000000182e+01 4.352400000000000091e+01 4.351899999999999835e+01
4.000000000000000222e-01 2.265566666666666507e+01 2.654133333333333056e+01 2.944766666666667021e+01 3.157833333333333314e+01 3.369399999999999551e+01 3.505433333333333223e+01 3.640566666666666862e+01 3.729133333333333411e+01 3.816499999999999915e+01 3.899566666666666492e+01 3.971200000000000330e+01 4.033200000000000074e+01 4.078933333333333167e+01 4.144833333333333059e+01 4.186533333333333218e+01 4.217100000000000648e+01 4.255633333333333468e+01 4.281000000000000227e+01 4.308433333333333337e+01 4.344100000000000250e+01 4.384033333333332649e+01
4.100000000000000311e-01 2.295099999999999696e+01 2.669966666666666910e+01 2.958866666666666845e+01 3.189366666666666816e+01 3.377266666666666595e+01 3.533700000000000330e+01 3.644333333333333513e+01 3.742033333333333189e+01 3.839366666666666816e+01 3.913000000000000256e+01 3.984933333333333394e+01 4.059733333333333860e+01 4.103866666666667129e+01 4.135399999999999920e+01 4.199499999999999744e+01 4.219066666666667231e+01 4.264633333333333098e+01 4.285033333333333161e+01 4.325600000000000023e+01 4.347700000000000387e+01 4.381733333333333746e+01
4.199999999999999845e-01 2.337999999999999901e+01 2.707533333333333303e+01 2.986400000000000077e+01 3.210000000000000142e+01 3.395333333333333314e+01 3.549266666666666481e+01 3.650666666666666771e+01 3.779400000000000404e+01 3.857799999999999585e+01 3.922500000000000142e+01 4.007666666666666799e+01 4.037733333333333263e+01 4.111233333333333917e+01 4.165066666666666606e+01 4.202933333333333366e+01 4.242166666666666686e+01 4.263866666666666561e+01 4.302199999999999847e+01 4.313333333333333286e+01 4.357433333333333536e+01 4.390266666666666140e+01
4.299999999999999933e-01 2.358099999999999596e+01 2.715900000000000247e+01 3.014633333333333098e+01 3.234266666666667334e+01 3.407799999999999585e+01 3.555066666666667174e+01 3.668933333333333024e+01 3.766799999999999926e+01 3.854333333333333655e+01 3.945799999999999841e+01 4.000099999999999767e+01 4.074499999999999744e+01 4.105633333333333468e+01 4.166833333333333655e+01 4.192766666666666708e+01 4.229133333333333411e+01 4.282966666666666811e+01 4.321966666666666868e+01 4.342133333333333667e+01 4.347700000000000387e+01 4.385499999999999687e+01
4.400000000000000022e-01 2.377266666666666595e+01 2.746933333333333138e+01 3.031466666666666399e+01 3.254433333333333422e+01 3.421266666666667078e+01 3.566233333333332922e+01 3.679433333333333422e+01 3.792133333333332956e+01 3.856133333333333013e+01 3.946933333333333138e+01 4.017699999999999960e+01 4.075466666666666526e+01 4.117300000000000182e+01 4.168999999999999773e+01 4.214966666666666839e+01 4.254866666666666930e+01 4.288799999999999102e+01 4.310433333333332939e+01 4.344666666666666544e+01 4.356933333333333280e+01 4.399300000000000210e+01
4.500000000000000111e-01 2.421933333333333493e+01 2.773200000000000287e+01 3.038766666666666438e+01 3.280033333333333445e+01 3.452799999999999869e+01 3.572966666666666669e+01 3.695899999999999608e+01 3.815533333333333132e+01 3.893633333333333013e+01 3.966400000000000148e+01 4.024166666666666714e+01 4.105233333333332979e+01 4.133500000000000085e+01 4.187199999999999989e+01 4.201200000000000045e+01 4.253333333333333144e+01 4.302466666666666839e+01 4.316866666666666674e+01 4.356033333333333246e+01 4.376433333333334019e+01 4.404299999999999926e+01
4.600000000000000200e-01 2.427233333333332865e+01 2.807699999999999463e+01 3.082866666666666688e+01 3.294699999999999562e+01 3.456100000000000705e+01 3.602466666666666839e+01 3.722233333333333860e+01 3.810833333333333428e+01 3.899166666666666714e+01 3.959799999999999898e+01 4.042566666666667174e+01 4.098466666666666214e+01 4.135999999999999943e+01 4.195566666666666578e+01 4.218500000000000227e+01 4.267366666666666219e+01 4.300333333333333030e+01 4.323566666666665981e+01 4.361166666666666458e+01 4.378833333333333400e+01 4.408600000000000563e+01
4.700000000000000289e-01 2.464399999999999835e+01 2.815466666666666384e+01 3.095933333333332982e+01 3.317366666666666930e+01 3.484133333333333127e+01 3.614633333333333098e+01 3.735499999999999687e+01 3.828133333333332899e+01 3.911933333333333707e+01 3.976566666666666094e+01 4.034799999999999898e+01 4.117600000000000193e+01 4.137633333333333496e+01 4.199266666666666481e+01 4.223333333333333428e+01 4.259633333333333383e+01 4.309933333333333394e+01 4.336766666666667192e+01 4.360233333333332695e+01 4.385033333333333161e+01 4.419399999999999551e+01
4.799999999999999822e-01 2.491366666666666774e+01 2.860800000000000054e+01 3.113033333333333630e+01 3.324533333333333474e+01 3.485866666666666447e+01 3.630633333333333468e+01 3.748266666666666680e+01 3.840266666666666140e+01 3.928966666666666896e+01 3.984066666666667089e+01 4.051266666666666083e+01 4.115333333333333599e+01 4.152566666666666606e+01 4.206000000000000227e+01 4.239200000000000301e+01 4.287700000000000244e+01 4.317466666666666697e+01 4.355233333333333690e+01 4.377733333333333121e+01 4.389166666666667282e+01 4.422800000000000153e+01
4.899999999999999911e-01 2.530300000000000082e+01 2.867100000000000293e+01 3.128933333333333167e+01 3.340233333333333121e+01 3.514200000000000301e+01 3.636766666666666481e+01 3.740200000000000102e+01 3.844899999999999807e+01 3.938100000000000023e+01 4.002466666666666839e+01 4.057799999999999585e+01 4.114400000000000546e+01 4.171133333333332871e+01 4.214666666666666828e+01 4.264133333333333553e+01 4.293366666666666021e+01 4.301366666666666561e+01 4.353499999999999659e+01 4.376033333333333530e+01 4.393100000000000449e+01 4.415166666666667084e+01
5.000000000000000000e-01 2.524966666666666626e+01 2.889866666666666717e+01 3.147200000000000131e+01 3.352000000000000313e+01 3.506766666666666765e+01 3.652666666666666373e+01 3.769066666666667231e+01 3.867533333333333445e+01 3.957533333333333303e+01 4.025000000000000000e+01 4.085966666666666214e+01 4.132999999999999829e+01 4.171166666666666600e+01 4.223066666666666436e+01 4.262199999999999989e+01 4.296133333333332871e+01 4.341833333333333655e+01 4.366233333333332922e+01 4.376099999999999568e+01 4.412333333333333485e+01 4.430099999999999483e+01
5.100000000000000089e-01 2.563766666666666438e+01 2.913900000000000290e+01 3.182499999999999929e+01 3.385666666666666913e+01 3.540666666666666629e+01 3.684399999999999409e+01 3.804333333333333655e+01 3.897133333333333383e+01 3.967433333333332968e+01 4.026366666666666561e+01 4.071633333333333127e+01 4.131699999999999307e+01 4.183233333333333803e+01 4.226566666666666094e+01 4.258800000000000097e+01 4.307166666666666544e+01 4.331699999999999307e+01 4.359199999999999875e+01 4.386233333333333206e+01 4.408833333333332405e+01 4.439500000000000313e+01
5.200000000000000178e-01 2.579300000000000281e+01 2.931366666666666632e+01 3.205133333333333212e+01 3.391133333333333155e+01 3.553600000000000136e+01 3.679233333333333178e+01 3.791100000000000136e+01 3.879600000000000648e+01 3.968133333333333468e+01 4.041133333333333155e+01 4.103866666666667129e+01 4.143300000000000693e+01 4.194833333333333059e+01 4.258866666666666845e+01 4.271000000000000085e+01 4.311233333333333206e+01 4.354366666666666674e+01 4.382733333333333547e+01 4.403799999999999670e+01 4.418433333333332769e+01 4.441100000000000136e+01
5.300000000000000266e-01 2.616566666666666663e+01 2.952400000000000091e+01 3.227033333333333331e+01 3.404866666666666930e+01 3.561500000000000199e+01 3.703033333333333132e+01 3.818066666666666720e+01 3.893566666666666976e+01 3.988966666666666328e+01 4.045499999999999829e+01 4.098299999999999699e+01 4.151400000000000290e+01 4.216566666666666663e+01 4.251133333333334008e+01 4.272300000000000608e+01 4.332899999999999352e+01 4.350733333333332808e+01 4.375266666666666993e+01 4.403899999999999437e+01 4.436033333333332962e+01 4.446433333333332882e+01
5.400000000000000355e-01 2.642466666666666697e+01 2.976833333333333442e+01 3.233266666666666822e+01 3.429100000000000392e+01 3.574033333333333218e+01 3.708566666666666833e+01 3.819500000000000028e+01 3.917533333333333445e+01 3.986400000000000432e+01 4.055466666666666242e+01 4.134399999999999409e+01 4.174466666666666725e+01 4.209266666666667334e+01 4.259366666666667101e+01 4.279500000000000171e+01 4.325333333333333030e+01 4.363733333333333775e+01 4.372433333333333394e+01 4.398466666666666924e+01 4.435433333333332939e+01 4.464366666666666816e+01
5.500000000000000444e-01 2.669599999999999795e+01 3.016133333333333155e+01 3.256133333333333013e+01 3.445533333333333559e+01 3.606599999999999540e+01 3.735000000000000142e+01 3.833533333333333104e+01 3.929800000000000182e+01 4.009499999999999886e+01 4.075300000000000011e+01 4.118666666666666742e+01 4.183133333333333326e+01 4.221600000000000108e+01 4.272266666666666879e+01 4.300733333333332808e+01 4.318933333333333735e+01 4.350600000000000023e+01 4.395766666666666111e+01 4.429733333333332723e+01 4.442366666666666219e+01 4.467199999999999704e+01
5.600000000000000533e-01 2.708233333333333448e+01 3.020366666666666688e+01 3.263033333333333275e+01 3.460200000000000387e+01 3.614433333333333564e+01 3.753200000000000358e+01 3.845133333333333070e+01 3.931799999999999784e+01 3.994099999999999540e+01 4.070766666666666822e+01 4.136433333333333451e+01 4.195066666666667032e+01 4.231133333333333013e+01 4.271600000000000108e+01 4.315299999999999869e+01 4.342699999999999960e+01 4.362099999999999511e+01 4.395033333333333303e+01 4.421799999999999642e+01 4.434833333333332916e+01 4.471833333333333371e+01
5.700000000000000622e-01 2.725566666666666649e+01 3.056200000000000117e+01 3.283533333333333104e+01 3.490999999999999659e+01 3.615333333333333599e+01 3.759033333333333360e+01 3.870866666666666589e+01 3.934533333333333616e+01 4.026633333333333553e+01 4.081433333333333024e+01 4.150733333333333519e+01 4.188133333333333752e+01 4.218899999999999295e+01 4.277933333333333366e+01 4.318799999999999528e+01 4.349133333333332985e+01 4.383533333333333104e+01 4.399733333333333007e+01 4.419566666666666066e+01 4.438333333333333286e+01 4.468599999999999994e+01
5.799999999999999600e-01 2.752366666666666717e+01 3.058366666666666944e+01 3.302033333333333331e+01 3.492633333333333212e+01 3.641566666666666663e+01 3.764733333333332865e+01 3.869899999999999807e+01 3.956833333333333513e+01 4.020899999999999608e+01 4.089000000000000057e+01 4.150799999999999557e+01 4.206366666666666987e+01 4.255400000000000205e+01 4.288933333333334019e+01 4.319399999999999551e+01 4.362333333333333485e+01 4.385699999999999932e+01 4.400866666666667015e+01 4.439900000000000091e+01 4.452233333333333576e+01 4.468733333333333491e+01
5.899999999999999689e-01 2.767500000000000071e+01 3.085000000000000142e+01 3.316633333333333411e+01 3.506133333333333013e+01 3.666133333333333155e+01 3.775133333333333496e+01 3.877366666666667072e+01 3.957799999999999585e+01 4.042800000000000438e+01 4.127900000000000347e+01 4.170233333333333547e+01 4.201599999999999824e+01 4.258566666666666833e+01 4.288433333333333053e+01 4.331733333333333746e+01 4.358766666666667078e+01 4.382899999999999352e+01 4.419700000000000273e+01 4.440866666666666873e+01 4.462666666666666515e+01 4.474566666666666492e+01
5.999999999999999778e-01 2.801400000000000290e+01 3.090200000000000102e+01 3.332033333333333758e+01 3.518533333333333246e+01 3.658866666666666845e+01 3.802400000000000091e+01 3.887566666666666038e+01 3.975533333333333275e+01 4.057666666666666799e+01 4.105566666666666720e+01 4.169933333333332826e+01 4.217766666666666708e+01 4.272166666666666401e+01 4.295266666666667277e+01 4.337000000000000455e+01 4.384566666666666634e+01 4.385900000000000176e+01 4.432266666666666310e+01 4.447966666666666669e+01 4.461500000000000199e+01 4.476200000000000045e+01
6.099999999999999867e-01 2.814366666666666816e+01 3.121433333333333238e+01 3.357366666666666788e+01 3.538433333333333763e+01 3.699099999999999966e+01 3.816466666666666896e+01 3.921200000000000330e+01 3.980066666666667174e+01 4.060666666666666913e+01 4.128900000000000148e+01 4.167466666666666697e+01 4.223299999999999699e+01 4.275166666666666515e+01 4.305833333333333712e+01 4.355033333333333445e+01 4.370199999999999818e+01 4.401533333333333076e+01 4.418466666666666498e+01 4.456833333333334224e+01 4.468866666666666987e+01 4.478633333333333866e+01
6.199999999999999956e-01 2.851599999999999824e+01 3.137333333333333485e+01 3.373933333333333451e+01 3.562066666666666492e+01 3.703966666666666896e+01 3.825200000000000244e+01 3.913833333333333542e+01 3.994800000000000040e+01 4.076233333333333775e+01 4.133200000000000074e+01 4.176366666666666561e+01 4.232799999999999585e+01 4.271200000000000330e+01 4.315599999999999881e+01 4.357533333333333303e+01 4.389900000000000091e+01 4.408166666666666345e+01 4.437099999999999511e+01 4.447300000000000608e+01 4.483466666666666356e+01 4.495766666666666111e+01
6.300000000000000044e-01 2.861533333333333573e+01 3.151366666666666916e+01 3.399266666666666481e+01 3.566033333333332678e+01 3.703133333333332899e+01 3.810133333333332928e+01 3.923333333333333428e+01 4.008166666666666345e+01 4.088666666666666316e+01 4.142866666666666475e+01 4.193633333333333013e+01 4.232199999999999562e+01 4.284433333333333138e+01 4.329433333333333422e+01 4.363199999999999790e+01 4.382966666666666811e+01 4.406299999999999528e+01 4.437000000000000455e+01 4.462033333333332763e+01 4.476366666666666561e+01 4.487333333333333485e+01
6.400000000000000133e-01 2.888733333333333420e+01 3.174033333333333573e+01 3.405100000000000193e+01 3.596233333333333348e+01 3.727033333333333331e+01 3.843866666666666987e+01 3.935766666666666680e+01 4.007533333333333303e+01 4.077233333333332865e+01 4.159833333333333627e+01 4.198299999999999699e+01 4.246466666666667322e+01 4.289999999999999147e+01 4.336066666666665981e+01 4.374966666666666271e+01 4.392199999999999704e+01 4.422999999999999687e+01 4.449166666666666714e+01 4.447433333333333394e+01 4.501499999999999346e+01 4.511866666666666248e+01
6.500000000000000222e-01 2.918533333333333601e+01 3.178733333333332922e+01 3.419199999999999307e+01 3.583333333333333570e+01 3.715433333333333366e+01 3.854633333333332956e+01 3.945866666666666589e+01 4.042833333333333456e+01 4.095700000000000074e+01 4.165233333333333121e+01 4.213566666666666549e+01 4.253333333333333144e+01 4.285866666666666447e+01 4.344599999999999795e+01 4.378399999999999892e+01 4.387066666666666492e+01 4.437266666666666737e+01 4.452400000000000091e+01 4.474100000000000676e+01 4.490666666666666629e+01 4.529400000000000404e+01
6.600000000000000311e-01 2.925233333333333618e+01 3.230566666666666720e+01 3.440866666666666873e+01 3.616633333333333411e+01 3.762700000000000244e+01 3.867499999999999716e+01 3.961099999999999710e+01 4.035566666666666436e+01 4.113566666666666549e+01 4.166166666666666885e+01 4.228699999999999903e+01 4.258366666666666589e+01 4.308433333333333337e+01 4.347500000000000853e+01 4.379233333333333889e+01 4.394566666666666066e+01 4.438466666666666782e+01 4.472500000000000853e+01 4.485900000000000176e+01 4.498500000000000654e+01 4.517999999999999972e+01
6.700000000000000400e-01 2.938466666666666427e+01 3.222033333333333616e+01 3.454833333333333201e+01 3.626533333333333786e+01 3.770566666666666578e+01 3.872599999999999909e+01 3.971999999999999886e+01 4.045166666666666799e+01 4.113799999999999812e+01 4.172099999999999653e+01 4.228699999999999903e+01 4.261633333333332985e+01 4.315633333333332899e+01 4.343266666666666254e+01 4.383200000000000074e+01 4.404166666666666430e+01 4.408833333333332405e+01 4.473300000000000409e+01 4.472700000000000387e+01 4.502266666666667305e+01 4.550000000000000000e+01
6.800000000000000488e-01 2.970966666666666711e+01 3.257199999999999562e+01 3.480166666666666941e+01 3.637599999999999767e+01 3.768566666666666976e+01 3.881933333333333280e+01 3.986733333333333462e+01 4.064133333333333553e+01 4.141466666666666896e+01 4.187099999999999511e+01 4.234499999999999886e+01 4.279200000000000159e+01 4.323300000000000409e+01 4.348500000000000654e+01 4.392100000000000648e+01 4.422066666666666634e+01 4.447399999999999665e+01 4.460166666666666657e+01 4.504400000000000404e+01 4.521600000000000108e+01 4.515299999999999869e+01
6.900000000000000577e-01 2.997933333333333650e+01 3.279933333333332968e+01 3.501166666666666316e+01 3.654366666666666674e+01 3.784266666666667334e+01 3.890066666666666606e+01 3.984866666666666646e+01 4.056566666666667231e+01 4.138666666666666316e+01 4.191366666666667129e+01 4.239966666666666839e+01 4.277833333333333599e+01 4.305333333333333456e+01 4.348033333333333417e+01 4.391299999999999670e+01 4.419900000000000517e+01 4.439666666666666828e+01 4.463133333333333752e+01 4.493266666666666254e+01 4.521266666666667078e+01 4.533533333333333104e+01
7.000000000000000666e-01 3.006666666666666643e+01 3.306266666666667220e+01 3.499300000000000210e+01 3.663866666666666561e+01 3.813766666666666083e+01 3.903666666666666885e+01 3.995533333333333559e+01 4.079966666666666697e+01 4.141033333333332678e+01 4.204566666666666919e+01 4.256233333333332780e+01 4.318399999999999750e+01 4.335966666666666924e+01 4.368066666666666720e+01 4.391866666666666674e+01 4.415066666666666606e+01 4.450299999999999301e+01 4.488133333333333752e+01 4.492966666666666242e+01 4.519766666666666310e+01 4.534733333333333860e+01
7.099999999999999645e-01 3.032099999999999795e+01 3.296133333333332871e+01 3.517900000000000205e+01 3.682466666666666555e+01 3.807099999999999795e+01 3.920299999999999585e+01 3.995166666666666799e+01 4.080266666666666708e+01 4.150533333333333275e+01 4.198799999999999955e+01 4.257799999999999585e+01 4.306400000000000006e+01 4.342266666666666453e+01 4.374666666666666970e+01 4.417999999999999972e+01 4.423833333333333684e+01 4.454833333333333911e+01 4.492499999999999716e+01 4.499666666666666970e+01 4.521100000000000563e+01 4.548766666666666225e+01
7.199999999999999734e-01 3.052466666666666484e+01 3.315366666666666617e+01 3.534033333333333360e+01 3.700233333333333263e+01 3.832233333333333292e+01 3.936299999999999955e+01 4.025566666666666293e+01 4.093933333333333024e+01 4.186999999999999744e+01 4.204899999999999949e+01 4.259633333333333383e+01 4.302466666666666839e+01 4.367366666666666219e+01 4.376800000000000068e+01 4.422466666666667123e+01 4.441033333333332678e+01 4.462099999999999511e+01 4.503566666666667118e+01 4.502633333333334065e+01 4.529299999999999926e+01 4.558299999999999841e+01
7.299999999999999822e-01 3.058866666666666845e+01 3.338900000000000290e+01 3.547966666666666669e+01 3.697599999999999909e+01 3.845333333333333314e+01 3.946033333333333104e+01 4.035766666666666680e+01 4.105466666666666242e+01 4.181366666666666987e+01 4.198299999999999699e+01 4.270599999999999596e+01 4.304800000000000182e+01 4.350333333333333030e+01 4.380933333333332769e+01 4.428033333333333132e+01 4.459166666666666856e+01 4.479166666666666430e+01 4.501533333333333076e+01 4.505400000000000205e+01 4.541100000000000136e+01 4.558700000000000330e+01
7.399999999999999911e-01 3.082499999999999929e+01 3.343200000000000216e+01 3.549966666666666271e+01 3.707233333333333292e+01 3.835499999999999687e+01 3.972133333333333383e+01 4.042366666666666930e+01 4.111233333333333917e+01 4.184533333333333616e+01 4.242333333333333201e+01 4.273300000000000409e+01 4.327466666666666839e+01 4.354800000000000182e+01 4.406733333333333746e+01 4.424566666666666492e+01 4.468166666666665776e+01 4.476966666666666583e+01 4.502233333333333576e+01 4.523266666666666680e+01 4.542399999999999949e+01 4.556333333333333258e+01
7.500000000000000000e-01 3.095399999999999707e+01 3.363266666666666538e+01 3.558533333333333104e+01 3.737500000000000000e+01 3.856766666666666765e+01 3.956599999999999540e+01 4.037233333333333718e+01 4.135566666666666436e+01 4.187800000000000011e+01 4.236866666666666248e+01 4.293966666666666754e+01 4.327499999999999147e+01 4.355166666666666941e+01 4.397766666666666424e+01 4.421066666666666833e+01 4.473533333333332962e+01 4.483500000000000085e+01 4.509700000000000131e+01 4.534233333333332894e+01 4.553166666666666629e+01 4.564366666666666816e+01
7.600000000000000089e-01 3.127933333333333010e+01 3.381633333333333269e+01 3.586133333333333439e+01 3.742566666666667174e+01 3.883099999999999596e+01 3.978866666666667129e+01 4.059866666666666646e+01 4.124099999999999966e+01 4.190366666666666617e+01 4.249766666666666737e+01 4.287533333333333729e+01 4.334966666666667123e+01 4.374166666666666714e+01 4.404866666666666219e+01 4.428466666666667351e+01 4.462200000000000699e+01 4.500566666666666293e+01 4.494800000000000040e+01 4.542433333333332968e+01 4.546200000000000330e+01 4.568033333333333701e+01
7.700000000000000178e-01 3.142100000000000293e+01 3.411400000000000432e+01 3.596933333333333138e+01 3.741333333333333400e+01 3.863499999999999801e+01 3.982633333333333070e+01 4.069633333333333525e+01 4.138400000000000034e+01 4.198799999999999955e+01 4.254366666666666674e+01 4.305800000000000693e+01 4.332666666666666089e+01 4.369900000000000517e+01 4.419166666666666288e+01 4.422066666666666634e+01 4.463299999999999557e+01 4.477966666666666384e+01 4.517933333333333934e+01 4.553000000000000114e+01 4.562066666666666492e+01 4.562633333333333496e+01
7.800000000000000266e-01 3.159133333333333127e+01 3.429366666666666674e+01 3.601866666666666816e+01 3.769033333333333502e+01 3.880266666666666708e+01 4.002033333333333331e+01 4.066466666666666896e+01 4.142066666666666919e+01 4.207966666666666811e+01 4.272566666666666180e+01 4.307666666666666089e+01 4.363633333333333297e+01 4.377433333333333820e+01 4.410466666666666669e+01 4.444100000000000250e+01 4.465800000000000125e+01 4.496533333333332649e+01 4.517733333333333690e+01 4.547266666666666879e+01 4.567833333333333456e+01 4.568900000000000006e+01
7.900000000000000355e-01 3.173666666666666814e+01 3.432666666666666799e+01 3.611433333333333451e+01 3.776933333333333564e+01 3.901500000000000057e+01 4.012566666666666038e+01 4.079966666666666697e+01 4.152133333333333098e+01 4.224733333333333718e+01 4.270933333333333337e+01 4.313433333333333053e+01 4.362466666666666271e+01 4.384466666666666868e+01 4.417999999999999972e+01 4.453499999999999659e+01 4.491799999999999926e+01 4.498033333333333417e+01 4.527033333333333331e+01 4.539033333333333076e+01 4.565733333333333377e+01 4.563666666666666316e+01
8.000000000000000444e-01 3.193566666666666976e+01 3.440066666666666606e+01 3.641900000000000404e+01 3.793799999999999528e+01 3.915366666666666617e+01 4.003133333333332899e+01 4.098633333333333439e+01 4.164699999999999847e+01 4.234433333333333138e+01 4.284000000000000341e+01 4.335033333333333161e+01 4.368666666666666742e+01 4.401233333333333775e+01 4.420399999999999352e+01 4.448400000000000176e+01 4.485933333333333906e+01 4.508700000000000330e+01 4.517100000000000648e+01 4.545833333333333570e+01 4.546666666666666856e+01 4.585833333333332718e+01
8.100000000000000533e-01 3.203966666666666896e+01 3.461766666666666481e+01 3.630966666666666498e+01 3.799599999999999511e+01 3.928266666666666396e+01 4.029600000000000648e+01 4.104033333333333644e+01 4.164200000000000301e+01 4.236766666666666481e+01 4.299300000000000210e+01 4.334066666666666379e+01 4.361099999999999710e+01 4.420000000000000284e+01 4.425099999999999767e+01 4.463566666666667260e+01 4.501566666666666094e+01 4.506366666666666987e+01 4.539999999999999147e+01 4.561000000000000654e+01 4.571266666666667078e+01 4.600666666666667481e+01
8.200000000000000622e-01 3.223199999999999932e+01 3.477833333333333599e+01 3.651233333333333775e+01 3.812966666666666526e+01 3.935599999999999454e+01 4.043466666666666498e+01 4.116733333333333178e+01 4.180266666666666708e+01 4.254133333333333411e+01 4.283400000000000318e+01 4.342933333333333934e+01 4.365800000000000125e+01 4.409299999999999642e+01 4.423599999999999710e+01 4.473733333333333206e+01 4.502733333333333121e+01 4.526533333333333076e+01 4.540766666666667106e+01 4.546333333333332405e+01 4.556833333333334224e+01 4.582899999999999352e+01
8.300000000000000711e-01 3.244233333333333746e+01 3.508500000000000085e+01 3.668700000000000472e+01 3.836266666666666225e+01 3.939866666666667072e+01 4.048533333333333672e+01 4.138233333333333519e+01 4.188400000000000034e+01 4.243500000000000227e+01 4.302033333333333331e+01 4.346333333333332405e+01 4.386133333333333439e+01 4.412000000000000455e+01 4.436766666666667192e+01 4.470466666666666811e+01 4.518199999999999505e+01 4.518799999999999528e+01 4.538133333333333752e+01 4.551066666666667260e+01 4.573633333333333439e+01 4.574066666666666947e+01
8.399999999999999689e-01 3.249599999999999511e+01 3.506399999999999295e+01 3.680566666666666720e+01 3.838433333333333763e+01 3.943033333333333701e+01 4.044966666666666555e+01 4.111766666666666481e+01 4.195766666666666822e+01 4.274666666666666970e+01 4.305133333333333212e+01 4.357666666666666089e+01 4.382166666666666544e+01 4.418533333333333246e+01 4.441533333333333644e+01 4.470799999999999841e+01 4.519633333333333525e+01 4.520766666666666111e+01 4.566133333333333866e+01 4.563333333333333286e+01 4.580699999999999505e+01 4.595733333333333803e+01
8.499999999999999778e-01 3.270933333333333337e+01 3.522266666666666879e+01 3.691333333333333400e+01 3.847299999999999898e+01 3.953699999999999903e+01 4.041266666666666652e+01 4.138599999999999568e+01 4.220166666666666799e+01 4.265833333333333144e+01 4.309466666666666868e+01 4.359466666666666868e+01 4.393433333333332769e+01 4.432533333333333303e+01 4.435766666666666680e+01 4.484400000000000119e+01 4.517199999999999704e+01 4.539300000000000068e+01 4.541299999999999670e+01 4.578300000000000125e+01 4.593366666666666021e+01 4.600766666666666538e+01
8.599999999999999867e-01 3.289866666666667072e+01 3.505033333333333445e+01 3.703166666666666629e+01 3.862466666666666271e+01 3.984566666666666634e+01 4.065266666666666140e+01 4.148733333333333917e+01 4.206799999999999784e+01 4.256200000000000472e+01 4.313066666666666293e+01 4.354566666666666919e+01 4.395566666666666578e+01 4.434633333333332672e+01 4.462200000000000699e+01 4.467533333333333445e+01 4.514333333333333087e+01 4.525933333333333053e+01 4.543133333333333468e+01 4.571500000000000341e+01 4.585533333333333417e+01 4.612799999999999301e+01
8.699999999999999956e-01 3.313133333333333752e+01 3.531866666666666532e+01 3.723033333333333417e+01 3.868400000000000460e+01 3.973133333333333184e+01 4.070466666666666811e+01 4.163566666666666549e+01 4.212099999999999511e+01 4.266299999999999670e+01 4.331833333333334224e+01 4.353866666666667129e+01 4.406200000000000472e+01 4.424566666666666492e+01 4.444900000000000517e+01 4.490933333333333621e+01 4.513466666666666782e+01 4.521666666666666856e+01 4.561266666666666225e+01 4.566566666666666663e+01 4.591066666666667118e+01 4.598466666666666924e+01
8.800000000000000044e-01 3.318533333333333246e+01 3.562233333333333718e+01 3.731333333333333258e+01 3.866566666666666663e+01 3.980266666666666708e+01 4.089433333333333564e+01 4.156599999999999540e+01 4.225566666666666293e+01 4.272700000000000387e+01 4.331033333333333246e+01 4.362266666666666737e+01 4.409499999999999886e+01 4.449266666666667192e+01 4.472666666666666657e+01 4.495700000000000074e+01 4.500266666666666993e+01 4.534266666666666623e+01 4.559366666666667101e+01 4.576899999999999835e+01 4.599000000000000199e+01 4.609899999999999665e+01
8.900000000000000133e-01 3.336833333333333229e+01 3.567833333333333456e+01 3.753399999999999892e+01 3.900999999999999801e+01 4.005600000000000449e+01 4.088299999999999557e+01 4.163933333333334019e+01 4.220299999999999585e+01 4.292300000000000182e+01 4.337900000000000489e+01 4.363866666666666561e+01 4.410733333333333661e+01 4.451533333333333076e+01 4.455933333333332769e+01 4.489133333333333553e+01 4.512066666666666492e+01 4.557066666666666066e+01 4.572833333333333172e+01 4.582200000000000273e+01 4.597533333333333161e+01 4.617533333333333445e+01
9.000000000000000222e-01 3.356566666666667231e+01 3.598299999999999699e+01 3.777766666666666140e+01 3.909966666666667123e+01 3.980900000000000460e+01 4.089233333333333320e+01 4.187733333333333263e+01 4.248099999999999454e+01 4.296000000000000085e+01 4.342533333333333445e+01 4.362966666666667237e+01 4.430800000000000693e+01 4.435600000000000165e+01 4.483466666666666356e+01 4.496366666666666134e+01 4.525633333333333752e+01 4.537733333333333263e+01 4.568066666666666720e+01 4.563133333333333752e+01 4.606066666666666265e+01 4.619766666666666310e+01
9.100000000000000311e-01 3.366333333333333400e+01 3.604299999999999926e+01 3.789099999999999824e+01 3.910433333333333650e+01 4.005833333333333002e+01 4.099699999999999989e+01 4.175433333333333508e+01 4.247700000000000387e+01 4.301266666666666794e+01 4.345399999999999352e+01 4.388433333333333053e+01 4.406400000000000006e+01 4.450566666666666293e+01 4.491066666666667118e+01 4.507000000000000028e+01 4.534233333333332894e+01 4.552533333333332877e+01 4.573733333333333206e+01 4.596500000000000341e+01 4.602933333333333366e+01 4.615133333333334065e+01
9.200000000000000400e-01 3.370199999999999818e+01 3.601500000000000057e+01 3.795199999999999818e+01 3.918600000000000705e+01 4.032533333333333303e+01 4.114866666666667072e+01 4.192633333333333212e+01 4.255166666666666941e+01 4.301599999999999824e+01 4.362566666666666748e+01 4.401666666666667282e+01 4.419933333333333536e+01 4.451533333333333076e+01 4.491100000000000136e+01 4.507733333333333547e+01 4.545799999999999841e+01 4.564033333333333076e+01 4.582233333333333292e+01 4.604733333333332723e+01 4.597533333333333161e+01 4.627233333333333576e+01
9.300000000000000488e-01 3.398333333333333428e+01 3.623766666666666225e+01 3.798233333333333661e+01 3.937833333333333030e+01 4.022999999999999687e+01 4.118999999999999773e+01 4.190700000000000358e+01 4.256933333333333280e+01 4.302766666666666140e+01 4.365866666666666873e+01 4.399933333333333252e+01 4.427866666666667328e+01 4.464500000000000313e+01 4.495866666666666589e+01 4.510533333333333417e+01 4.544399999999999551e+01 4.562500000000000000e+01 4.570533333333334269e+01 4.582766666666667277e+01 4.608533333333333104e+01 4.640599999999999881e+01
9.400000000000000577e-01 3.422866666666666902e+01 3.631399999999999295e+01 3.794399999999999551e+01 3.927199999999999847e+01 4.034199999999999875e+01 4.114633333333333098e+01 4.214266666666666339e+01 4.261899999999999977e+01 4.304933333333332968e+01 4.352100000000000080e+01 4.402566666666666606e+01 4.441933333333333422e+01 4.477066666666667061e+01 4.490633333333332899e+01 4.512133333333333240e+01 4.543700000000000472e+01 4.570666666666666345e+01 4.564133333333333553e+01 4.587266666666666737e+01 4.609433333333333138e+01 4.637266666666666737e+01
9.500000000000000666e-01 3.423166666666666913e+01 3.646300000000000097e+01 3.804633333333332956e+01 3.958066666666666578e+01 4.068966666666666754e+01 4.137266666666666737e+01 4.221633333333333127e+01 4.286200000000000898e+01 4.324633333333333240e+01 4.368566666666666265e+01 4.414166666666667282e+01 4.443700000000000472e+01 4.468300000000000693e+01 4.492333333333333911e+01 4.527633333333334065e+01 4.544399999999999551e+01 4.543566666666666265e+01 4.583700000000000330e+01 4.606499999999999773e+01 4.619566666666666066e+01 4.636299999999999955e+01
9.599999999999999645e-01 3.427600000000000335e+01 3.641366666666667129e+01 3.813966666666666328e+01 3.960266666666667135e+01 4.045199999999999818e+01 4.154566666666666919e+01 4.224799999999999756e+01 4.274433333333333707e+01 4.308633333333332871e+01 4.357566666666667032e+01 4.420366666666666333e+01 4.450000000000000000e+01 4.462566666666666748e+01 4.500200000000000244e+01 4.515100000000000335e+01 4.563199999999999790e+01 4.576800000000000068e+01 4.590066666666666606e+01 4.605933333333332769e+01 4.623866666666666703e+01 4.638666666666666316e+01
9.699999999999999734e-01 3.452400000000000091e+01 3.661433333333333451e+01 3.831200000000000472e+01 3.963533333333333530e+01 4.066299999999999670e+01 4.143633333333333013e+01 4.210833333333333428e+01 4.281433333333333735e+01 4.334233333333332894e+01 4.383099999999999596e+01 4.418033333333333701e+01 4.456099999999999994e+01 4.467866666666666475e+01 4.512299999999999756e+01 4.530533333333333701e+01 4.534100000000000108e+01 4.568866666666666987e+01 4.599200000000000443e+01 4.634499999999999886e+01 4.625466666666667237e+01 4.655099999999999483e+01
9.799999999999999822e-01 3.458599999999999852e+01 3.680633333333333468e+01 3.834899999999999665e+01 3.980600000000000449e+01 4.068866666666666987e+01 4.160499999999999687e+01 4.232166666666666544e+01 4.291599999999999682e+01 4.331233333333333491e+01 4.390766666666667106e+01 4.411133333333333439e+01 4.449799999999999756e+01 4.469833333333333059e+01 4.513166666666667481e+01 4.528099999999999881e+01 4.552400000000000091e+01 4.582800000000000296e+01 4.606133333333333013e+01 4.631666666666666288e+01 4.649466666666667436e+01 4.637566666666666748e+01
9.899999999999999911e-01 3.480266666666666708e+01 3.683366666666666589e+01 3.859266666666667334e+01 3.994699999999999562e+01 4.079866666666666930e+01 4.178100000000000591e+01 4.219366666666666532e+01 4.285066666666666180e+01 4.339799999999999613e+01 4.386400000000000432e+01 4.421433333333332882e+01 4.467799999999999727e+01 4.499233333333333462e+01 4.520933333333333337e+01 4.529500000000000171e+01 4.556866666666666532e+01 4.583566666666666833e+01 4.605566666666666720e+01 4.638100000000000023e+01 4.626833333333333087e+01 4.657666666666666089e+01
1.000000000000000000e+00 3.481666666666666998e+01 3.702799999999999869e+01 3.842499999999999716e+01 3.996600000000000108e+01 4.090500000000000114e+01 4.181933333333333280e+01 4.229866666666666930e+01 4.305566666666666720e+01 4.337766666666666993e+01 4.394833333333333059e+01 4.447733333333332695e+01 4.465966666666667351e+01 4.487099999999999511e+01 4.523933333333332740e+01 4.538700000000000045e+01 4.568333333333333712e+01 4.585333333333333172e+01 4.592033333333333189e+01 4.611533333333333218e+01 4.638999999999999346e+01 4.657500000000000284e+01
